16063
09163
13359
60448
15205
18802
05098
10940
60418
07102
02626
12825
12824
03336
13545
60240
60399
18627
60275
03975
00301
50516
50879
01698
00302
18350
60388
06955
11020
13370
10941
06280
07465
60332
15739
60163
02627
18797
60470
18838
13452
60435
60283
60345
03321
16038
60016
01697
02181
10861
15813
11790
16692
13172
60300
10942
03806
00312
60131
10943
60426
05097
05765
00314
13008
00315
60116
60248
60160
04320
13544
10185
14940
60356
60289
13467
50345
20673
02628
07809
05584
14142
13366
01333
01657
30142
60251
03325
31627
60036
03805
02630
60031
60238
10946
60456
03697
05518
60389
60198
00319
14984
05519
60211
14989
10947
16053
00526
15500
60324
60051
60434
00322
13455
00324
60176
01317
01209
02631
04864
02632
00554
02633
02634
02635
18086
16050
60239
10949
01851
10950
13746
60089
10951
16049
18353
18625
02636
13360
07777
60093
01947
03324
07443
60171
60231
60007
60008
60411
60009
60166
60318
04865
60288
60415
60355
60276
60120
60076
60058
10948
07096
11047
60437
10952
14982
07876
00334
16032
00337
11043
60059
02637
60424
02638
05587
05084
00299
05946
60308
14991
10986
60935
13197
10286
04152
06825
15609
10283
00344
04670
03471
13199
13205
11345
15610
11498
10393
04465
01615
30158
30371
60037
10954
60259
60352
04519
60305
05520
13760
10962
10961
07649
16382
03520
11008
60199
07449
04917
60367
11053
09746
10988
60329
60164
15812
00553
00546
18800
10955
60038
60247
02639
60168
60104
60446
60271
60105
60046
60452
03043
10392
18861
07768
60246
06926
04085
04083
13925
60011
13450
13198
10284
10282
31755
14997
02640
00352
03887
10978
02641
07234
18936
60404
00368
06920
60250
60039
03393
10956
02760
13006
60012
60013
13458
60200
15242
06279
60154
08433
07787
00359
07811
00535
60117
01210
02642
03844
10958
09479
16481
60125
00323
07609
07770
00362
60261
02643
10959
10960
01044
60353
60032
60460
05305
03836
60136
60068
04635
60182
60017
14969
00364
60143
04867
60094
60326
15327
60018
18159
18839
01842
10994
12229
12232
13070
12231
60285
09478
15230
04192
09861
08416
16691
60040
10963
60090
32157
01041
11034
15073
60459
08242
10189
16028
70508
13451
00281
03315
08976
01387
09120
09927
01354
07139
13541
60019
60134
60220
14990
60072
18593
08934
01257
00373
01355
51304
08900
60441
60363
13465
02645
05521
18084
60045
10966
60453
05086
02646
13753
60021
10967
60408
07949
09306
08070
60060
03791
60041
00375
13007
03343
60079
10190
02648
09483
05147
10968
13037
60273
08545
18352
03095
04130
04291
00568
02651
60428
13375
60260
60212
01659
60400
13542
02652
13540
60268
00378
10969
60106
13469
10970
14981
00380
60286
60115
16043
04725
10971
60366
09219
05996
16693
60436
10972
05150
10973
60365
14986
00381
32125
32156
00525
01456
01754
00385
11770
07875
01946
02653
05590
00573
02647
12700
15075
10864
19204
19089
19194
19046
19188
19049
19208
11768
02654
11747
13413
10974
16688
03859
03829
16037
30217
60219
03699
10977
18548
03094
00394
60213
60091
01816
60087
60119
60282
60088
60170
60348
60130
03148
18831
16056
13356
60077
08342
00463
02655
13480
09931
60022
10944
18829
18905
05722
00522
00273
18547
18351
03967
60095
16065
04423
60223
07610
03251
60386
60169
60218
60269
31518
18082
00549
03765
07651
15233
10981
07706
15232
00397
07345
13481
10982
60096
09477
00398
00277
02656
60097
13552
05522
05149
60074
02658
02657
14993
18863
07471
14985
10866
00402
60466
10983
07681
02660
11036
18083
02659
15193
07942
16040
10984
03522
13171
08243
07215
10985
03964
15325
60422
60433
60052
03908
60274
14988
60341
60196
60126
60042
60178
60092
60177
08986
18729
07542
15057
00409
07612
14980
14974
18796
01255
13464
10987
60184
07614
12211
60306
02661
60224
03698
60183
10186
60033
15169
16694
16695
60191
02662
17314
60358
10990
03322
13461
60080
02663
02664
12507
04153
60287
02355
08452
14975
02665
60230
60266
03766
04507
60429
07785
00424
60053
71208
03993
18809
02666
60107
18626
06142
01064
16390
60098
60127
16041
16026
16687
60034
15502
13473
05695
15154
60030
60141
60043
13023
10991
60103
13471
02667
10992
16048
07615
60081
01294
60132
09862
60073
14999
60256
60469
13425
13460
03093
16686
12255
02668
14996
16689
03890
60412
05948
32681
60375
60067
05524
60310
02669
60061
60082
15498
07022
18085
60309
18926
13472
60020
60054
02670
10995
03525
60047
08052
03268
60055
00530
60380
01038
20598
10184
10996
10997
03891
60410
60378
03793
60337
18812
10998
18862
01192
07616
60249
10999
71110
04439
60361
06140
11000
00485
00427
07823
60152
60311
60214
11001
07632
14396
60236
14816
60290
03470
01035
00429
14971
05525
18832
60325
11002
60253
60298
16479
10975
14970
60319
03828
60185
60376
11003
60277
60135
60206
60023
13470
11006
15497
08980
13758
18834
13474
60401
15814
60083
11004
60084
32680
10953
14104
08278
60108
10187
60245
32124
40769
70935
31276
08434
00431
60406
60237
15235
14939
11005
00438
16034
60346
13355
13457
06614
14983
13423
01388
60398
01123
03804
03803
14995
03764
01045
03045
11792
13020
60225
11798
01815
60201
02672
05589
03096
00439
03889
60449
16480
02673
21260
18710
18925
02674
16031
09737
18709
15495
17900
11749
18673
03149
11010
16045
11011
60024
10862
04194
01945
13478
13357
10183
02676
02675
18658
16030
10687
60100
01369
05743
07466
13369
04038
31882
60419
00442
13022
00443
12738
05306
11014
60014
60397
60323
11016
60270
08076
10979
13414
03524
60165
07399
60222
05696
03892
60071
13475
18937
00523
60439
11025
11017
00450
60241
60252
05526
60109
07633
01353
13173
00561
03792
14976
00451
07769
60413
09863
60123
01043
11018
00456
60407
60048
60151
00457
60188
03097
10976
08053
09166
00458
60078
03521
11791
09164
14937
18273
16035
40421
41097
13095
13099
13093
13017
13100
13019
70646
15355
04482
61132
10000
60921
60923
18964
10001
01026
16060
13454
10865
60075
16044
20817
60197
60153
60069
60070
60172
60314
60292
60243
60405
60293
60161
60390
14143
11023
13456
00465
60112
60215
60035
01203
10957
60461
60262
16027
60442
60062
16036
08369
02678
60265
09307
60471
07476
11022
60149
08339
01107
10060
13453
10062
13206
13207
15608
08340
13372
09814
03523
13376
15296
13096
13091
13094
12251
13092
18348
18349
15856
12253
12248
13016
13097
13098
60147
13013
12250
13018
15858
12249
13101
13012
12252
13014
13015
15857
18368
31960
10867
09165
03677
18869
18087
04131
13010
04914
40766
32308
13102
16383
16057
60204
60394
60438
03320
01032
04669
15056
11024
18811
03044
05585
01407
08341
13553
10188
01492
04199
11026
11027
60210
60063
00469
15245
03497
60025
13011
13024
01334
60235
06139
05181
16064
60137
60064
16029
14973
11028
13170
60233
03340
15237
01335
15818
11050
60299
60281
15324
02679
13463
08432
60050
04868
01036
01141
13424
60110
18864
17321
19078
19001
19093
19206
19048
19047
19136
60195
18870
18735
19187
19079
19091
19050
19090
19092
19189
11759
60228
16051
16685
16052
18810
03926
11030
03046
01370
60221
07810
18833
13373
60162
60455
18079
60234
11031
60232
11032
30421
60065
13539
60150
15238
16033
00486
60307
60015
60417
60099
13459
60350
02680
18698
01256
05720
05146
05018
60344
15234
10191
05020
05019
15802
10063
05527
13009
11769
17318
18672
01948
10993
16322
02650
18830
04084
60129
04220
13924
17901
11029
13538
16287
14144
15912
04086
13479
13745
13038
04193
14894
13169
17324
03092
15231
60010
02681
01631
11033
00313
00339
60362
11788
18723
10059
16059
13382
10192
13521
16042
03270
14147
00488
50919
12826
60004
60403
06498
60194
03335
60443
60364
60167
16381
32309
60190
32215
31778
31819
40537
32214
60216
60026
15817
60066
60385
10964
14994
60085
07786
13543
60174
11037
03845
60465
60267
11789
11748
15816
11038
60111
09399
00560
00287
08417
60340
11039
60209
13174
60291
05054
05063
18871
60450
13476
13367
07277
11040
00577
11041
03893
60027
11042
03851
18089
01037
01412
60124
60056
60202
02682
07630
01063
00494
13468
05949
07442
60440
40536
16046
13759
04866
05528
03141
11044
60044
60101
13466
13371
20431
60297
60387
02683
60254
10945
15819
17320
11046
15496
18730
60028
09430
60343
00531
00341
50861
07618
15326
18837
18354
60049
50877
01658
11007
05148
11015
07472
60226
60029
60379
05529
18860
02684
11048
05530
60447
18813
60264
14977
11049
60372
13025
03244
60257
03047
05085
13358
00496
60369
07475
11051
11021
60086
09162
00497
12000
07653
13365
07767
11052
60057
60368
00498
03119
13522
11045
00532
32313
60102
05744
10965
14992
10863
09161
01205
18700
13005
60445
13523
06730
06731
07784
19077
